0.50 0.25 0.25 0.50 0.50 0.25 0.25 0.50 1.00
0.33 0.33 0.33 0.33 0.33 0.33 0.33 0.33 0.33 0.50 0.50 
-0.33 0.33 0.33 0.33 0.33 0.33 0.33 0.33 0.33 1.00
0.25 0.25 0.50 0.33 0.33 0.33 0.33 0.33 0.33 1.00
0.33 0.33 0.33 0.33 0.33 0.33 0.50 0.25 0.25 0.25 0.25 0.25 0.25
0.50 0.50 1.00 0.75 0.25 0.25 0.25 0.50
0.25 0.25 0.25 0.25 0.50 0.25 0.25 0.25 0.25 0.25 0.25 1.00
0.50 0.25 0.25 0.25 0.25 0.25 0.25 0.25 0.25 0.25 0.25 0.25 0.25 0.50
0.50 0.25 0.25 0.50 0.50 0.25 0.25 0.50 1.00
0.33 0.33 0.33 0.33 0.33 0.33 0.33 0.33 0.33 0.50 0.50 
-0.33 0.33 0.33 0.33 0.33 0.33 0.33 0.33 0.33 1.00
0.25 0.25 0.50 0.33 0.33 0.33 0.33 0.33 0.33 1.00
0.33 0.33 0.33 0.33 0.33 0.33 0.50 0.25 0.25 0.25 0.25 0.25 0.25
0.50 0.50 1.00 0.75 0.25 0.25 0.25 0.50
0.25 0.25 0.25 0.25 0.50 0.25 0.25 0.25 0.25 0.25 0.25 1.00
0.50 0.25 0.25 0.25 0.25 0.25 0.25 0.25 0.25 0.25 0.25 0.25 0.25 0.50 