0.25 0.50 0.25
0.25 0.50 -0.25 0.50 0.50 0.50 0.25 0.25 0.25 0.25 0.25 0.25
0.25 0.25 0.25 0.25 0.25 0.25 0.50 0.50 0.25 0.25 0.25 0.25 0.25 0.25
-0.25 0.25 0.25 0.25 0.25 0.25 0.25 0.25 0.50 0.25 0.25 0.25 0.25 0.50
0.75 -0.25 0.25 0.25 0.50 0.50 0.25 0.25 0.25 0.25 0.25
-0.25 0.50 0.25 0.50 0.50 0.50 0.25 0.25 -0.25 0.25 0.50
0.25 0.25 0.50 0.25 0.25 0.50 0.50 0.25 0.25 -0.25 0.25 0.50
0.25 0.50 -0.25 0.25 0.25 0.25 0.25 0.50 0.25 0.25 -0.25 0.25 0.50
0.25 0.50 -0.25 0.50 0.50 0.50 0.25 0.25 -0.50 0.50 
0.50 0.25 0.25 0.25 0.25 0.25 0.25 -0.25 0.25 0.50 0.25 0.25 0.25 0.25
-0.25 0.25 0.50 0.25 0.25 0.25 0.25 -0.25 0.25 0.50 0.25 0.25 0.25 0.25
-0.25 0.25 0.50 0.25 0.25 0.25 0.25 -0.25 0.25 0.50 0.25 0.25 0.25 0.25
-0.25 0.25 0.50 0.25 0.25 0.25 0.25 -0.25 0.25 0.50 0.25 0.25 0.25 0.25
-0.25 0.25 0.50 0.25 0.25 0.25 0.25 -0.25 0.25 0.50 0.25 0.25 0.25 0.25
-0.17 0.17 0.17 0.50 0.25 0.25 0.25 0.25 -0.25 0.25 0.50 0.33 0.17 0.33
0.50 0.25 0.25 0.25 0.25 0.25 0.25 -0.25 0.25 0.50 0.25 0.25 0.25 0.25
0.25 0.25 0.25 0.25 0.25 0.25 0.25 0.25 0.25 0.25 0.25 0.25 -1.00